-32768 4
-32512 17
-32256 38
-32000 55
-31744 41
-31488 47
-31232 46
-30976 43
-30720 47
-30464 45
-30208 59
-29952 57
-29696 60
-29440 64
-29184 64
-28928 67
-28672 64
-28416 57
-28160 68
-27904 69
-27648 75
-27392 91
-27136 76
-26880 68
-26624 103
-26368 87
-26112 100
-25856 100
-25600 116
-25344 118
-25088 119
-24832 133
-24576 136
-24320 136
-24064 139
-23808 165
-23552 194
-23296 214
-23040 183
-22784 206
-22528 234
-22272 237
-22016 240
-21760 310
-21504 278
-21248 293
-20992 334
-20736 341
-20480 373
-20224 392
-19968 445
-19712 454
-19456 461
-19200 464
-18944 514
-18688 567
-18432 612
-18176 600
-17920 663
-17664 698
-17408 716
-17152 765
-16896 828
-16640 850
-16384 911
-16128 896
-15872 1055
-15616 1009
-15360 1107
-15104 1157
-14848 1209
-14592 1286
-14336 1402
-14080 1460
-13824 1506
-13568 1576
-13312 1707
-13056 1728
-12800 1811
-12544 1904
-12288 2100
-12032 2116
-11776 2129
-11520 2330
-11264 2318
-11008 2506
-10752 2630
-10496 2790
-10240 2917
-9984 2945
-9728 3146
-9472 3170
-9216 3414
-8960 3372
-8704 3548
-8448 3757
-8192 3822
-7936 3997
-7680 4137
-7424 4176
-7168 4359
-6912 4375
-6656 4670
-6400 4532
-6144 4708
-5888 4872
-5632 5239
-5376 5263
-5120 5359
-4864 5417
-4608 5450
-4352 5556
-4096 5665
-3840 5694
-3584 5737
-3328 5845
-3072 5916
-2816 6029
-2560 5950
-2304 6150
-2048 6331
-1792 6229
-1536 6305
-1280 6393
-1024 6462
-768 6640
-512 6461
-256 6474
0 13024
256 6615
512 6398
768 6438
1024 6390
1280 6494
1536 6371
1792 6508
2048 6388
2304 6339
2560 6260
2816 6193
3072 6190
3328 6001
3584 6040
3840 5720
4096 5861
4352 5653
4608 5531
4864 5461
5120 5401
5376 5258
5632 5238
5888 5111
6144 4792
6400 4711
6656 4612
6912 4468
7168 4350
7424 4283
7680 4070
7936 3969
8192 3955
8448 3807
8704 3607
8960 3565
9216 3584
9472 3216
9728 3214
9984 3041
10240 3008
10496 2978
10752 2700
11008 2624
11264 2526
11520 2475
11776 2169
12032 2343
12288 2166
12544 2061
12800 1887
13056 1784
13312 1720
13568 1592
13824 1576
14080 1487
14336 1401
14592 1366
14848 1260
15104 1113
15360 1110
15616 1022
15872 974
16128 841
16384 879
16640 838
16896 801
17152 756
17408 717
17664 594
17920 572
18176 572
18432 523
18688 536
18944 457
19200 428
19456 393
19712 377
19968 347
20224 349
20480 367
20736 296
20992 307
21248 254
21504 270
21760 227
22016 223
22272 201
22528 183
22784 186
23040 171
23296 177
23552 149
23808 162
24064 132
24320 139
24576 136
24832 124
25088 110
25344 103
25600 91
25856 94
26112 93
26368 89
26624 91
26880 65
27136 55
27392 58
27648 55
27904 48
28160 63
28416 51
28672 43
28928 48
29184 52
29440 41
29696 39
29952 53
30208 39
30464 34
30720 41
30976 37
31232 35
31488 29
31744 29
32000 40
32256 37
32512 19
