-32512 2
-32256 11
-32000 18
-31744 18
-31488 15
-31232 26
-30976 23
-30720 17
-30464 16
-30208 30
-29952 44
-29696 45
-29440 37
-29184 43
-28928 50
-28672 48
-28416 72
-28160 47
-27904 41
-27648 45
-27392 58
-27136 65
-26880 86
-26624 56
-26368 67
-26112 91
-25856 85
-25600 81
-25344 80
-25088 92
-24832 112
-24576 105
-24320 106
-24064 108
-23808 137
-23552 121
-23296 129
-23040 149
-22784 168
-22528 186
-22272 174
-22016 202
-21760 194
-21504 218
-21248 255
-20992 264
-20736 301
-20480 276
-20224 301
-19968 347
-19712 364
-19456 401
-19200 398
-18944 422
-18688 466
-18432 487
-18176 503
-17920 536
-17664 565
-17408 574
-17152 635
-16896 692
-16640 725
-16384 766
-16128 819
-15872 816
-15616 987
-15360 997
-15104 1071
-14848 1082
-14592 1133
-14336 1212
-14080 1270
-13824 1351
-13568 1409
-13312 1486
-13056 1555
-12800 1690
-12544 1733
-12288 1858
-12032 1905
-11776 1946
-11520 2102
-11264 2305
-11008 2273
-10752 2439
-10496 2499
-10240 2615
-9984 2781
-9728 2895
-9472 3114
-9216 3160
-8960 3252
-8704 3485
-8448 3580
-8192 3825
-7936 3898
-7680 3834
-7424 4154
-7168 4267
-6912 4285
-6656 4603
-6400 4635
-6144 4854
-5888 4993
-5632 5120
-5376 5254
-5120 5487
-4864 5452
-4608 5720
-4352 5827
-4096 5869
-3840 6003
-3584 6094
-3328 6227
-3072 6275
-2816 6652
-2560 6589
-2304 6564
-2048 6567
-1792 6680
-1536 6704
-1280 6996
-1024 6948
-768 6822
-512 6949
-256 6974
0 13883
256 6998
512 7021
768 7030
1024 6959
1280 6956
1536 6881
1792 6876
2048 6724
2304 6725
2560 6635
2816 6633
3072 6544
3328 6435
3584 6405
3840 6358
4096 6358
4352 6015
4608 5908
4864 5898
5120 5708
5376 5456
5632 5318
5888 5327
6144 5123
6400 5054
6656 4779
6912 4787
7168 4540
7424 4298
7680 4290
7936 3979
8192 3858
8448 3850
8704 3537
8960 3380
9216 3302
9472 3187
9728 2960
9984 2862
10240 2784
10496 2616
10752 2454
11008 2388
11264 2347
11520 2234
11776 2012
12032 1944
12288 1833
12544 1757
12800 1625
13056 1601
13312 1514
13568 1370
13824 1358
14080 1262
14336 1178
14592 1162
14848 1091
15104 1029
15360 954
15616 878
15872 784
16128 782
16384 708
16640 709
16896 608
17152 591
17408 517
17664 482
17920 423
18176 435
18432 394
18688 376
18944 317
19200 311
19456 312
19712 273
19968 264
20224 246
20480 245
20736 216
20992 210
21248 221
21504 181
21760 180
22016 141
22272 173
22528 118
22784 129
23040 113
23296 116
23552 102
23808 97
24064 78
24320 90
24576 72
24832 70
25088 76
25344 70
25600 69
25856 70
26112 60
26368 52
26624 51
26880 58
27136 53
27392 33
27648 55
27904 53
28160 43
28416 36
28672 25
28928 27
29184 39
29440 36
29696 30
29952 19
30208 23
30464 22
30720 19
30976 28
31232 31
31488 14
31744 19
32000 21
32256 10
32512 9
