-15872 1
-14848 1
-14592 1
-14336 1
-14080 4
-13824 4
-13568 7
-13312 5
-13056 5
-12800 10
-12544 8
-12288 22
-12032 18
-11776 15
-11520 23
-11264 29
-11008 45
-10752 53
-10496 65
-10240 77
-9984 94
-9728 138
-9472 184
-9216 218
-8960 276
-8704 322
-8448 409
-8192 454
-7936 621
-7680 695
-7424 880
-7168 1102
-6912 1344
-6656 1574
-6400 1825
-6144 2151
-5888 2560
-5632 3041
-5376 3539
-5120 4168
-4864 4696
-4608 5357
-4352 5976
-4096 6635
-3840 7433
-3584 8363
-3328 9205
-3072 9931
-2816 10885
-2560 11776
-2304 12819
-2048 13546
-1792 14366
-1536 14855
-1280 15669
-1024 16262
-768 16882
-512 17310
-256 17419
0 35385
256 17862
512 17369
768 17052
1024 16488
1280 15870
1536 15392
1792 14535
2048 13936
2304 13184
2560 12259
2816 11281
3072 10477
3328 9480
3584 8522
3840 7746
4096 6783
4352 6056
4608 5221
4864 4475
5120 3940
5376 3338
5632 2892
5888 2511
6144 2029
6400 1684
6656 1415
6912 1277
7168 1035
7424 839
7680 682
7936 539
8192 475
8448 360
8704 279
8960 243
9216 185
9472 161
9728 108
9984 102
10240 85
10496 68
10752 58
11008 36
11264 22
11520 23
11776 13
12032 13
12288 12
12544 10
12800 5
13056 3
13312 6
13824 2
14080 1
14336 1
14592 1
